expe,alpha,sigma,n,m,maxiter,y,x_fin,positions,l_J
shape transfer,0.01,0.3,240,240,100,"[[ 0.41 -0.25]
 [-0.94  0.42]
 [-0.83  0.35]
 [ 0.7   0.26]
 [-0.01  0.72]
 [-0.6   0.62]
 [-0.14 -0.39]
 [ 0.92 -0.6 ]
 [-0.46  0.24]
 [-0.26 -0.93]
 [-0.59  0.53]
 [-0.06  0.56]
 [-0.6  -0.67]
 [-0.68 -0.81]
 [ 0.37 -0.3 ]
 [-0.4   0.63]
 [ 0.72 -0.09]
 [ 0.64  0.72]
 [ 0.8  -0.72]
 [-0.72  0.56]
 [ 0.23 -0.79]
 [ 0.66 -0.55]
 [ 0.57  0.09]
 [ 0.17 -0.23]
 [ 0.47 -0.13]
 [-0.85  0.58]
 [-0.17 -0.46]
 [-0.95  0.21]
 [ 0.76 -0.45]
 [ 0.46 -0.71]
 [ 0.34 -0.15]
 [-0.98  0.47]
 [ 0.19  0.26]
 [ 0.3   0.42]
 [ 0.58  0.58]
 [ 0.68  0.65]
 [ 0.38  0.78]
 [-0.03 -0.01]
 [-0.92  0.47]
 [ 0.55 -0.58]
 [ 0.67 -0.1 ]
 [-0.6   0.73]
 [ 0.36  0.85]
 [ 0.53  0.61]
 [-0.19  0.14]
 [ 0.52  0.92]
 [ 0.29 -0.31]
 [ 0.48 -0.18]
 [-0.52  0.01]
 [ 0.2  -0.24]
 [-0.25 -0.08]
 [-0.91  0.56]
 [ 0.11 -0.25]
 [-0.13 -0.14]
 [-0.3   0.76]
 [-0.8  -0.1 ]
 [-0.4   0.55]
 [ 0.57  0.28]
 [ 0.73  0.63]
 [ 0.95 -0.28]
 [-0.73 -0.5 ]
 [-0.87  0.43]
 [-0.22 -0.21]
 [-0.57  0.02]
 [-0.02 -0.55]
 [ 0.05 -0.17]
 [-0.35 -0.25]
 [ 0.08  0.43]
 [-0.07  0.64]
 [ 0.78  0.17]
 [ 0.13  0.63]
 [-0.72  0.03]
 [-0.54  0.73]
 [ 0.3   0.16]
 [ 0.21  0.35]
 [-0.73 -0.64]
 [-0.72 -0.19]
 [-0.82  0.37]
 [-0.2  -0.44]
 [ 0.19  0.93]
 [ 0.57  0.  ]
 [-0.8  -0.45]
 [-0.56  0.7 ]
 [ 0.59  0.5 ]
 [-0.62 -0.1 ]
 [ 0.01  0.13]
 [ 0.89 -0.32]
 [ 0.35  0.86]
 [-0.58 -0.95]
 [-0.34 -0.23]
 [-0.57 -0.76]
 [ 0.73  0.02]
 [ 0.36 -0.25]
 [ 0.33  0.32]
 [ 0.32  0.88]
 [-0.17  0.13]
 [ 0.19 -0.82]
 [ 0.42  0.81]
 [ 0.55 -0.06]
 [ 0.34 -0.75]
 [-0.03 -0.6 ]
 [ 0.17  0.94]
 [-0.38  0.31]
 [-0.5   0.02]
 [-0.46  0.1 ]
 [-0.16 -0.02]
 [-0.23 -0.17]
 [ 0.64  0.1 ]
 [ 0.7   0.43]
 [ 0.14  0.18]
 [ 0.71  0.57]
 [-0.96  0.5 ]
 [-0.14  0.62]
 [ 0.53  0.52]
 [ 0.71  0.59]
 [ 0.13  0.38]
 [ 0.78 -0.58]
 [-0.83 -0.55]
 [ 0.47 -0.74]
 [-0.74  0.5 ]
 [-0.5  -0.68]
 [-0.99 -0.94]
 [-0.76 -0.04]
 [ 0.04  0.43]
 [ 0.82 -0.51]
 [ 0.23  0.1 ]
 [ 0.73  0.67]
 [-0.45  0.26]
 [ 0.28  0.24]
 [ 0.74 -0.05]
 [ 0.83 -0.66]
 [ 0.29 -0.13]
 [ 0.58 -0.14]
 [-0.76 -0.56]
 [-0.66 -0.8 ]
 [ 0.57  0.58]
 [ 0.62  0.16]
 [ 0.4  -0.62]
 [-0.26 -0.37]
 [-0.99  0.24]
 [ 0.89 -0.98]
 [-0.54  0.54]
 [-0.97  0.22]
 [-0.44  0.73]
 [ 0.76  0.2 ]
 [-0.77 -0.58]
 [-0.26  0.3 ]
 [ 0.81  0.58]
 [-0.48  0.14]
 [-0.81  0.36]
 [-0.57 -0.67]
 [ 0.78  0.11]
 [-0.55  0.21]
 [ 0.77  0.28]
 [ 0.63  0.41]
 [ 0.2   0.1 ]
 [ 0.7  -0.51]
 [ 0.47 -0.84]
 [-0.13  0.59]
 [-0.64  0.47]
 [-0.82  0.42]
 [-0.16  0.21]
 [ 0.64  0.73]
 [-0.8  -0.35]
 [-0.4  -0.79]
 [-0.55 -0.73]
 [-0.03 -0.63]
 [ 0.44 -0.73]
 [-0.69  0.08]
 [ 0.75 -0.45]
 [-0.35  0.76]
 [ 0.55  0.05]
 [ 0.61  0.72]
 [-0.7  -0.69]
 [ 0.4  -0.21]
 [-0.79  0.41]
 [ 0.58 -0.76]
 [-0.87  0.64]
 [-0.7   0.11]
 [-0.62  0.62]
 [ 0.45 -0.82]
 [ 0.46 -0.25]
 [ 0.53 -0.16]
 [-0.73 -0.59]
 [ 0.36 -0.69]
 [ 0.97  0.87]
 [ 0.13 -0.71]
 [-0.99  0.16]
 [ 0.08 -0.76]
 [-0.55  0.12]
 [ 0.14  0.54]
 [ 0.22  0.91]
 [-0.49 -0.8 ]
 [-0.65 -0.9 ]
 [ 0.84 -0.4 ]
 [-0.91  0.59]
 [-0.39  0.1 ]
 [ 0.13  0.54]
 [-0.64 -0.65]
 [ 0.46 -0.11]
 [ 0.77 -0.65]
 [ 0.24  0.36]
 [-0.22 -0.08]
 [ 0.75  0.45]
 [ 0.92 -0.24]
 [-0.41 -0.82]
 [ 0.51  0.82]
 [-0.99  0.38]
 [ 0.02  0.1 ]
 [ 0.07  0.41]
 [-0.25  0.23]
 [ 0.41 -0.78]
 [-0.26  0.23]
 [-0.51 -0.87]
 [ 0.62  0.19]
 [-0.12  0.18]
 [ 0.84 -0.39]
 [-0.26 -0.3 ]
 [ 0.26 -0.63]
 [-0.96  0.25]
 [-0.17  0.69]
 [-0.99  0.27]
 [ 0.28  0.42]
 [ 0.76  0.1 ]
 [-0.26 -0.1 ]
 [-0.48 -0.74]
 [-0.31  0.78]
 [-0.68 -0.63]
 [ 0.78 -0.38]
 [-0.35  0.77]
 [-0.25  0.84]
 [-0.67 -0.36]
 [-0.55  0.75]
 [ 0.43 -0.78]
 [ 0.77  0.43]
 [ 0.6   0.18]
 [-0.65 -0.83]
 [ 0.77 -0.59]
 [ 0.72 -0.43]
 [ 0.64 -0.56]
 [ 0.87 -0.43]
 [-0.33  0.83]
 [ 0.7   0.29]
 [-0.86  0.41]
 [ 0.83  0.46]
 [-0.19  0.79]
 [ 0.1   0.39]
 [ 0.72  0.32]
 [ 0.66  0.86]
 [ 0.54  0.7 ]
 [-0.56 -0.12]
 [-0.5  -0.74]
 [ 0.65  0.13]
 [-0.02 -0.49]
 [-0.74 -0.58]
 [ 0.63  0.05]
 [ 0.63  0.15]
 [-0.84 -0.45]
 [-0.41  0.7 ]
 [ 0.19  0.57]
 [-0.66  0.59]
 [ 0.51  0.67]
 [ 0.25  0.15]
 [ 0.4   0.94]
 [ 0.68  0.18]
 [ 0.37  0.95]
 [-0.53 -0.86]
 [ 0.46 -0.04]
 [ 0.66 -0.1 ]
 [ 0.66 -0.13]
 [ 0.23 -0.61]
 [-0.91  0.52]
 [-0.51  0.54]
 [ 0.8   0.45]
 [ 0.24  0.03]
 [ 0.35 -0.33]
 [-0.92  0.26]
 [ 0.06 -0.51]
 [ 0.64  0.28]
 [ 0.01  0.59]
 [-0.71 -0.42]
 [-0.34  0.26]
 [-0.53 -0.02]
 [ 0.81  0.44]
 [-0.62  0.03]
 [-0.85  0.65]
 [-0.21  0.64]
 [-0.62 -0.44]
 [ 0.28  0.31]
 [ 0.84  0.36]
 [-0.27 -1.  ]
 [-0.38  0.19]
 [-0.29  0.27]
 [-0.54 -0.82]
 [ 0.74 -0.47]
 [-0.11  0.  ]
 [-0.34  0.71]
 [-0.1  -0.66]
 [ 0.39  0.79]
 [-0.27  0.77]
 [ 0.19 -0.56]
 [ 0.47 -0.01]
 [ 0.7   0.4 ]
 [-0.49 -0.86]
 [ 0.15  0.62]
 [-0.56 -0.95]
 [ 0.99 -0.99]
 [ 0.76  0.69]
 [-0.4   0.65]
 [ 0.37 -0.26]
 [ 0.67  0.71]
 [ 0.85 -0.43]
 [ 0.77  0.38]
 [-0.92  0.59]
 [-0.32  0.69]
 [-0.1   0.79]
 [-0.63 -0.94]
 [ 0.26 -0.28]
 [ 0.93 -0.42]
 [ 0.67  0.56]
 [ 0.55 -0.27]
 [ 0.06 -0.7 ]
 [-0.69 -0.49]
 [ 0.88 -0.67]
 [-0.24 -0.14]
 [-0.23 -0.55]
 [ 0.89 -0.44]
 [-0.2  -0.01]
 [-0.79  0.47]
 [ 0.15  0.3 ]
 [ 0.59 -0.24]
 [ 0.36 -0.6 ]
 [ 0.71  0.06]
 [-0.94  0.25]
 [-0.5   0.69]
 [-0.81 -0.27]
 [ 0.41 -0.29]
 [-0.46  0.68]
 [-0.73  0.71]
 [-0.66 -0.02]
 [-0.59  0.8 ]
 [-0.56  0.56]
 [-0.68 -0.56]
 [ 0.46 -0.07]
 [-0.05  0.23]
 [-0.16 -1.  ]
 [-0.76  0.5 ]
 [ 0.64 -0.78]
 [-0.74  0.56]
 [ 0.13  0.2 ]
 [ 0.6  -0.56]
 [ 0.16 -0.33]
 [-0.82  0.66]
 [-0.74 -0.25]
 [-0.71 -0.15]
 [ 0.05  0.54]
 [ 0.26  0.54]
 [-0.71 -0.84]
 [ 0.15 -0.28]
 [-0.65  0.62]
 [ 0.26 -0.72]
 [ 0.28 -0.84]
 [-0.88  0.66]
 [-0.15 -0.4 ]
 [-0.17 -0.16]
 [-0.17 -0.63]
 [-0.27 -0.21]
 [ 0.55  0.49]
 [ 0.27 -0.17]
 [ 0.6  -0.2 ]
 [ 0.41 -0.24]
 [ 0.72  0.15]
 [ 0.52  0.96]
 [ 0.17 -0.56]
 [ 0.67  0.36]
 [-0.59  0.76]
 [ 0.54  0.59]
 [-0.27 -0.91]
 [-0.27 -0.29]
 [-0.7   0.03]
 [-0.95  0.23]
 [-0.34  0.61]
 [-0.06 -0.58]
 [-0.31  0.32]
 [ 0.66 -0.73]
 [-0.29  0.32]
 [-0.52  0.77]
 [-0.65  0.78]
 [ 0.58  0.61]
 [ 0.62 -0.58]
 [-0.32  0.17]
 [-0.41 -0.94]
 [ 0.39 -0.22]
 [ 0.46  0.93]
 [-0.34  0.56]
 [-0.44  0.29]
 [ 0.6  -0.67]
 [ 0.67 -0.58]
 [-0.72 -0.11]
 [-0.38 -0.94]
 [-0.22 -0.04]
 [ 0.54  0.93]
 [ 0.85 -0.55]
 [-0.26 -0.9 ]
 [ 0.58  0.21]
 [ 0.1   0.7 ]
 [ 0.57 -0.82]
 [ 0.76 -0.5 ]
 [-0.68 -0.35]
 [ 0.07 -0.14]
 [ 0.67  0.63]
 [-0.19 -0.48]
 [ 0.26  0.44]
 [ 0.89 -0.61]
 [ 0.02 -0.56]
 [-0.28  0.79]
 [ 0.7   0.8 ]
 [-0.71  0.76]
 [ 0.63  0.57]
 [-0.78 -0.33]
 [-0.91  0.26]
 [-0.37  0.58]
 [ 0.01  0.04]
 [ 0.13  0.44]
 [ 0.23  0.45]
 [ 0.74  0.5 ]
 [-0.13 -0.57]
 [ 0.82  0.44]
 [ 0.04  0.73]
 [ 0.64  0.43]
 [ 0.01  0.56]
 [-0.3  -0.23]
 [ 0.55  0.72]
 [ 0.03  0.42]
 [-0.2  -0.05]
 [-0.79 -0.53]
 [ 0.11  0.32]
 [-0.25 -0.51]
 [ 0.17  0.2 ]
 [ 0.76  0.68]
 [-0.91  0.6 ]
 [-0.58 -0.99]
 [ 0.21 -0.3 ]
 [ 0.31 -0.6 ]
 [ 0.09 -0.73]
 [-0.12  0.27]
 [ 0.89 -0.64]
 [ 0.63 -0.09]
 [ 0.8  -0.66]
 [ 0.42 -0.85]
 [-0.27  0.72]
 [ 0.94 -0.4 ]
 [ 0.63  0.04]
 [ 0.12  0.03]
 [-0.35  0.13]
 [-0.18 -0.58]
 [-0.83 -0.51]
 [ 0.3   0.14]
 [-0.12  0.62]
 [-0.3   0.56]
 [-0.89  0.53]
 [ 0.76  0.72]
 [-0.51  0.67]
 [ 0.62  0.56]
 [-0.03 -0.76]
 [ 0.64  0.64]
 [ 0.41  0.82]
 [-0.41 -0.75]
 [ 0.6   0.71]
 [-0.72 -0.05]
 [-0.4   0.29]
 [ 0.89 -0.58]
 [ 0.85 -0.68]
 [-0.46 -0.96]
 [ 0.56  0.88]
 [ 0.89 -0.42]
 [ 0.81 -0.37]
 [ 0.24  0.12]
 [ 0.96 -0.42]
 [ 0.21  0.3 ]
 [ 0.23  0.38]
 [ 0.61  0.82]
 [ 0.7   0.39]
 [ 0.17  0.12]
 [ 0.58  0.05]
 [-0.81 -0.1 ]
 [ 0.75  0.49]
 [-0.84  0.35]
 [-0.55 -0.11]
 [-1.    0.27]
 [-0.55  0.18]
 [-0.15 -0.07]
 [ 0.53 -0.27]
 [ 0.55 -0.59]
 [ 0.39 -0.85]
 [ 0.7  -0.1 ]
 [ 0.98 -0.11]
 [-0.22 -0.32]
 [ 0.23 -0.3 ]
 [ 0.01  0.63]]","[[ 1.68478249e-02  5.79618154e-01]
 [-4.00554185e-01 -4.37739109e-02]
 [ 6.88431963e-01  5.82817259e-01]
 [-3.30480667e-01 -6.69433335e-01]
 [ 6.58961332e-01  4.03450350e-01]
 [ 1.39965714e-01 -1.72229549e-01]
 [-8.41846412e-01  4.56668666e-01]
 [ 5.80007026e-01  7.55107732e-01]
 [ 6.65982244e-01  6.64746323e-01]
 [ 7.20446097e-01 -5.91439393e-02]
 [ 7.74676171e-01 -5.08855047e-01]
 [ 2.52935510e-01 -7.97570975e-01]
 [-5.33842789e-01  6.65291356e-01]
 [-3.48624095e-01  8.07229529e-01]
 [-8.03321670e-01 -1.06474048e-01]
 [ 8.38054296e-01 -7.03127681e-01]
 [ 6.64606171e-01  6.73176107e-01]
 [ 1.89179340e-01  1.02492387e-01]
 [ 1.88452138e-01  5.35878064e-01]
 [ 3.40403460e-01  1.06154170e-01]
 [ 6.46637620e-01 -1.00971880e-02]
 [-8.21856960e-01  5.95708180e-01]
 [-3.65791292e-01 -2.11145706e-01]
 [ 4.25909904e-01 -2.10788430e-01]
 [ 1.41617195e-01  2.99602725e-01]
 [-2.99702878e-02  8.40092385e-01]
 [ 8.31621602e-01 -4.79126520e-01]
 [ 4.34265974e-01 -2.50070095e-01]
 [ 3.77036204e-01 -6.78585722e-01]
 [-5.68221116e-01  6.57919238e-01]
 [ 4.14121337e-02 -6.95995913e-01]
 [-9.92824030e-01  4.15995673e-01]
 [-6.48540891e-01 -8.40096715e-01]
 [ 6.06960516e-01  1.19413492e-01]
 [-8.74097765e-01  6.63538424e-01]
 [-8.92949089e-02  1.42330611e-01]
 [-9.91299227e-01  2.30664288e-01]
 [ 7.03708789e-01  9.76219121e-02]
 [ 8.58391207e-01 -5.58135023e-01]
 [ 8.95735876e-02  7.02679028e-01]
 [-1.84565592e-01  4.39921357e-01]
 [ 9.10710261e-01 -3.78438642e-01]
 [ 6.76877096e-01  3.92808718e-01]
 [ 4.90335721e-02 -2.35642866e-01]
 [ 7.37968515e-03 -6.12949324e-01]
 [-4.26717193e-01 -8.84668837e-01]
 [ 4.15646755e-01 -7.56673856e-01]
 [-8.47231819e-01 -4.66433671e-01]
 [-6.63637600e-01  5.43428987e-01]
 [ 6.84972567e-01 -5.57566703e-01]
 [ 6.91522842e-01  5.71507275e-01]
 [ 6.67026160e-01  2.33463295e-01]
 [ 4.66142201e-01 -7.59081454e-01]
 [-3.34758316e-01  6.81071717e-01]
 [-2.67901530e-01  8.27823944e-01]
 [-8.02133385e-01 -4.40208503e-01]
 [-7.39437416e-01 -3.53194971e-01]
 [ 8.16693377e-01 -4.53974097e-01]
 [-1.92615430e-01 -4.40412199e-01]
 [-9.65081011e-01  2.63194151e-01]
 [ 4.55533074e-01 -2.01986892e-01]
 [ 4.34534855e-01 -8.52464813e-01]
 [-1.16612865e-01 -5.81519039e-01]
 [ 7.31977379e-01  6.86609269e-01]
 [-8.28989034e-01 -5.47761023e-01]
 [-1.59322702e-01  3.52315749e-02]
 [-5.18506378e-01  1.86634848e-01]
 [ 8.71508670e-01 -6.69519265e-01]
 [ 1.78671902e-01 -5.77607926e-01]
 [-1.02592385e-01 -8.10150698e-01]
 [ 4.66723436e-01  6.60109448e-01]
 [-9.18531857e-01  5.86369580e-01]
 [-3.02915568e-01 -3.73945049e-01]
 [ 5.12209824e-01 -2.54106369e-01]
 [ 8.26067692e-01  4.51892785e-01]
 [-3.07207776e-01  2.69997529e-01]
 [ 7.70753983e-01  7.02805004e-01]
 [-9.40652213e-01  3.02432484e-01]
 [ 6.08490700e-01  1.47342683e-01]
 [-1.13367851e-01 -5.71830310e-01]
 [ 7.85920681e-01 -4.23086562e-01]
 [-8.37092237e-02  3.62581549e-02]
 [-1.14555868e-01  6.46205612e-01]
 [ 6.06379235e-01  5.33447156e-01]
 [-6.68546898e-01 -1.44555450e-02]
 [ 2.96631405e-01 -6.07177038e-01]
 [-7.86119867e-01  4.69144250e-01]
 [-8.11794236e-01 -3.01735917e-01]
 [ 5.95009841e-01 -7.05425490e-01]
 [ 5.48562066e-01 -9.01413587e-03]
 [ 6.45894146e-01  5.33549144e-01]
 [-1.73193506e-01 -9.87975628e-02]
 [-7.65522418e-01  5.72134093e-02]
 [ 2.54232769e-01  2.10280595e-01]
 [-7.50451235e-01 -6.23762075e-01]
 [ 2.84285572e-02  3.75644453e-01]
 [-5.51932398e-01  5.75106305e-01]
 [-8.09107679e-01  6.63137653e-01]
 [ 6.33744346e-01  1.60447682e-01]
 [ 6.74993633e-01  2.00127068e-01]
 [ 5.93342588e-01  3.09845814e-01]
 [-6.29038607e-01  7.27535679e-01]
 [-5.25981832e-01  7.72845115e-02]
 [ 2.97569848e-01  8.97420743e-01]
 [-8.87917060e-02  4.82765912e-01]
 [ 9.88730337e-01 -9.92827511e-01]
 [-6.36080953e-01 -6.77756508e-01]
 [ 1.02830676e-01 -7.63714921e-01]
 [ 1.80864989e-01  1.08832308e-01]
 [-3.95872369e-01  6.45242867e-01]
 [-3.33144895e-01  2.16006297e-01]
 [-6.21218268e-01  7.77839234e-01]
 [ 8.17946244e-01  4.34312964e-01]
 [ 6.65906031e-01 -5.92990073e-01]
 [ 7.08479746e-01  2.17070218e-01]
 [-7.34725459e-01 -6.63907215e-01]
 [ 7.71080786e-01 -5.83462192e-01]
 [-4.71201625e-01  6.81722238e-01]
 [-2.37311329e-01 -2.12366035e-01]
 [ 7.66212734e-02 -6.67498339e-01]
 [-2.87075677e-01 -9.65696434e-01]
 [-7.04537793e-01  7.70318692e-01]
 [-2.64325355e-01 -2.00059226e-01]
 [-4.11215378e-01 -7.48951805e-01]
 [-1.71876763e-01 -1.75778141e-01]
 [-2.60853571e-01 -6.35972177e-02]
 [ 1.03101370e-01  4.86552447e-01]
 [ 1.56001457e-01  2.76432002e-01]
 [-2.85384679e-01  2.26861449e-01]
 [-7.04632678e-01 -1.55534669e-01]
 [ 5.21131976e-01 -5.86106253e-01]
 [-7.71115459e-01 -5.70225672e-01]
 [-9.91727804e-01  2.32281121e-01]
 [ 8.08382481e-01  3.55346572e-01]
 [ 5.29175209e-01  4.19839789e-01]
 [-7.19575783e-01  4.74650643e-01]
 [-8.24436770e-01 -5.33168897e-01]
 [-5.98816572e-01 -3.35573353e-01]
 [ 6.97761578e-01 -5.55919400e-01]
 [-6.38078123e-01  1.19533315e-01]
 [-9.47185895e-01  5.46897080e-01]
 [ 2.00686972e-01  3.74478216e-01]
 [-2.06571061e-02 -5.61505793e-01]
 [-1.85962799e-01 -4.30989442e-01]
 [ 6.80617942e-01  7.24896924e-01]
 [ 9.99275941e-03  5.54225558e-01]
 [ 6.00653608e-02 -2.59903655e-01]
 [-9.22740640e-01  5.55595919e-01]
 [-7.37151214e-02  6.01255597e-02]
 [-7.40008148e-01 -4.90284194e-01]
 [ 6.27171925e-01 -8.15682301e-01]
 [ 9.47897812e-01 -3.81486890e-01]
 [-5.80177347e-01  7.60763270e-01]
 [ 1.81512566e-01  2.99901626e-01]
 [ 6.98201391e-01  4.70562815e-01]
 [-7.82612799e-01 -3.22813544e-01]
 [-4.10655004e-01  4.80309302e-01]
 [ 8.56100840e-02  6.15148349e-01]
 [ 2.33605063e-01 -7.54118756e-01]
 [ 5.59473171e-01 -2.01744866e-01]
 [ 4.08041331e-01 -1.69418769e-01]
 [-4.80108576e-01  7.62527958e-01]
 [ 5.51592257e-01  1.13464438e-01]
 [-2.71659474e-01 -2.90025583e-01]
 [-6.61808337e-01 -4.72700219e-02]
 [-2.10196466e-01 -3.11133741e-01]
 [-2.97035321e-01 -2.67537624e-01]
 [ 6.31621760e-01 -6.44107557e-01]
 [-1.22445897e-02 -6.16691790e-01]
 [ 3.20373431e-01 -2.32646993e-01]
 [ 2.29173146e-01  1.35927200e-01]
 [-6.72373155e-01 -4.97357870e-01]
 [-9.98419632e-01  2.16760176e-01]
 [-2.49106595e-01  2.49534224e-01]
 [ 5.79548532e-01  5.80005572e-01]
 [ 1.66994296e-01 -6.98723504e-01]
 [ 1.95094981e-01  4.32789490e-01]
 [ 4.98792844e-01 -3.92116611e-01]
 [-3.33828226e-01  5.22897438e-01]
 [ 6.58769482e-01  1.11703364e-01]
 [ 4.48708768e-01  8.59593191e-01]
 [-7.45903431e-01  6.47489147e-01]
 [ 5.98147797e-01  6.48980700e-01]
 [-2.22096005e-01  6.43840366e-01]
 [-5.86110160e-01  5.20945860e-01]
 [ 2.20726925e-01 -3.19850778e-01]
 [ 7.21340473e-01 -4.74811019e-01]
 [ 1.91639300e-01  9.33406738e-01]
 [-6.05133727e-02  2.05010264e-01]
 [ 5.93943925e-01  1.28821529e-01]
 [-8.77506156e-01  4.80779484e-01]
 [ 2.44490598e-01 -2.50993129e-02]
 [ 9.61384029e-02  5.13384723e-01]
 [ 3.30377648e-01 -2.72438951e-01]
 [-3.97197769e-01 -9.41971717e-01]
 [-6.19111104e-01  3.69604977e-01]
 [-7.38610069e-01 -6.16016914e-01]
 [ 3.02193469e-01  5.48885904e-01]
 [ 7.50338057e-01 -7.22483923e-01]
 [ 7.97307232e-01 -5.10168734e-01]
 [ 2.29364535e-01  7.11036488e-01]
 [-2.68329806e-01  2.10420272e-01]
 [ 6.55894620e-01  6.19390170e-01]
 [ 4.05872079e-01 -2.37419525e-01]
 [ 4.42249076e-01 -1.88665061e-01]
 [ 6.62950307e-01  8.38378559e-01]
 [ 2.62419965e-01  3.93106941e-01]
 [-3.01201254e-01  7.06486263e-01]
 [ 8.88077956e-01 -6.28224536e-01]
 [-8.04689278e-01  3.87346301e-01]
 [-7.40220396e-01 -1.17737817e-01]
 [ 1.34110896e-02  3.65054310e-01]
 [ 3.50285566e-01 -4.07299476e-01]
 [-6.36677912e-01 -8.59752978e-01]
 [ 2.74072041e-01 -8.57529516e-01]
 [-2.02996085e-01  7.11522040e-01]
 [ 2.37272029e-01  9.48236649e-01]
 [ 7.61195593e-01 -4.88844120e-01]
 [ 8.61779835e-01 -5.07325904e-01]
 [-2.23769445e-01 -1.38457013e-01]
 [-3.32580058e-01  3.40566425e-01]
 [ 5.67314531e-01 -9.53674357e-02]
 [-8.23381611e-02 -5.83493756e-01]
 [-9.58440218e-01  3.01967412e-01]
 [-8.64215382e-01  5.81191471e-01]
 [ 5.61220187e-01  7.90849354e-01]
 [-7.23895010e-01 -8.64439472e-01]
 [ 7.03817917e-01  7.95309940e-02]
 [-4.86045453e-01 -8.02356411e-01]
 [-1.10207129e-01  6.24823721e-01]
 [-1.62834914e-01 -7.13978171e-02]
 [ 7.20362543e-01  1.12333743e-01]
 [ 4.03288395e-01  8.51911976e-01]
 [-2.15369942e-01  1.84521974e-01]
 [ 9.19455440e-01 -3.79692475e-01]
 [-4.33163009e-01  6.09512557e-01]
 [-6.54064315e-01 -4.54432147e-02]
 [-7.98656283e-01  4.17746719e-01]
 [ 2.34582239e-01  9.36990168e-01]
 [-6.80981697e-01 -1.07649846e-01]
 [-6.94433279e-01 -5.08609904e-01]
 [-3.00491440e-01  7.92431959e-01]
 [ 8.17371603e-01 -2.84802091e-01]
 [-9.86072553e-01  2.35600735e-01]
 [ 2.32172694e-01  1.12886659e-01]
 [ 6.29097076e-01  7.32562505e-01]
 [-6.90821944e-01  6.18885073e-01]
 [-1.71890697e-01  7.29601475e-01]
 [-2.76078599e-01 -8.49433035e-01]
 [ 4.59521320e-01  9.44631607e-01]
 [ 7.70212872e-01  4.04046716e-01]
 [-5.08708958e-01 -6.99010746e-01]
 [ 8.33388660e-01  4.33463110e-01]
 [-2.39358728e-01 -1.07860362e-01]
 [-1.58068541e-01 -4.13066585e-01]
 [ 6.56750999e-01  5.67425938e-01]
 [ 6.67386875e-02  5.03945980e-01]
 [ 8.03028871e-01  2.75991638e-01]
 [-3.69481388e-01  7.27695791e-01]
 [ 1.28664026e-01  2.35143414e-01]
 [ 3.78891197e-01  8.45238556e-01]
 [ 6.61414701e-01  3.71675474e-01]
 [ 3.16697277e-01  2.50906679e-01]
 [ 6.38714284e-01 -4.42328171e-02]
 [ 3.88696526e-01 -8.12797368e-01]
 [-5.12661147e-01  7.63591758e-01]
 [ 7.78782403e-01 -4.93093905e-01]
 [ 5.93173792e-01 -9.68731492e-02]
 [ 1.72347319e-01  4.56894522e-01]
 [-1.28608890e-01 -6.37542214e-01]
 [ 6.92030066e-01  3.60894562e-01]
 [ 2.02868743e-01 -3.23001685e-01]
 [ 9.25629979e-01 -4.53634015e-01]
 [-4.62696552e-01  2.15519071e-01]
 [ 5.17168419e-01  7.58653059e-01]
 [ 6.52547082e-01  9.68022942e-02]
 [ 5.83758181e-01 -1.22835489e-01]
 [ 5.39365496e-01 -6.40749986e-01]
 [ 7.10688016e-01  6.43639280e-01]
 [ 5.72876862e-01 -1.34993038e-01]
 [-1.82266605e-01 -5.53495646e-01]
 [ 2.28164255e-02  6.42936947e-01]
 [-5.53647458e-01 -9.97907712e-01]
 [-5.77756420e-01  5.20024933e-02]
 [ 5.30284006e-01 -1.35314840e-01]
 [ 6.34268106e-01 -2.64648304e-01]
 [ 5.45954292e-01 -7.93367639e-01]
 [-2.27396046e-01 -2.42345036e-01]
 [ 3.75977531e-01  8.98848038e-01]
 [ 5.33874085e-01  9.54630084e-01]
 [ 2.73162002e-01 -6.11554718e-01]
 [-9.79245555e-01  4.24398959e-01]
 [ 4.75019726e-01 -6.46427157e-01]
 [ 6.54869726e-01  7.70556616e-03]
 [-5.58747083e-01 -7.76013021e-01]
 [ 8.47523491e-01 -6.67954161e-01]
 [ 1.39898011e-01  1.25522497e-01]
 [ 1.37202871e-01 -6.37406343e-01]
 [-6.62164468e-02  8.33432870e-02]
 [ 7.28729610e-01  4.63587419e-01]
 [-5.96398163e-01 -9.48757947e-01]
 [ 6.39584593e-01 -2.47957003e-01]
 [ 8.49832426e-01 -3.92685406e-01]
 [-8.38753443e-01  6.90779894e-01]
 [-3.03035817e-01  6.60954651e-01]
 [ 5.38581543e-01 -7.39031253e-02]
 [-7.54986412e-02  2.47572236e-01]
 [-3.98283925e-01  2.95606970e-01]
 [-6.21222898e-01  5.58666358e-01]
 [-5.59452208e-01 -7.55307511e-01]
 [ 5.82947960e-01  5.19281542e-01]
 [ 7.03969811e-01  6.91766262e-01]
 [ 2.47406776e-01  3.57416709e-01]
 [ 8.64363028e-01 -4.42598359e-01]
 [-3.68868953e-01  2.30082383e-01]
 [ 8.83867443e-01 -9.70856075e-01]
 [-6.31314022e-01  7.86111862e-01]
 [-2.31348778e-01 -3.49822802e-01]
 [-2.84800421e-01  8.14555202e-01]
 [-6.32567800e-01 -9.42038049e-01]
 [-6.54498982e-01 -6.94847445e-01]
 [-3.24624156e-01 -4.85063409e-01]
 [-3.79793965e-01 -8.66086101e-01]
 [ 2.53728263e-01 -2.90351440e-01]
 [-5.76673713e-01 -9.48434036e-01]
 [-6.87316073e-01 -4.29789853e-01]
 [ 1.40002236e-01  5.43506386e-01]
 [-9.03552312e-01  6.11030340e-01]
 [-6.53390357e-01 -5.83773010e-01]
 [-8.10502146e-01  4.04249192e-01]
 [-1.02357701e-02 -3.89243300e-02]
 [ 3.08147887e-01 -6.98025566e-01]
 [ 7.71175971e-01  5.45235485e-01]
 [ 6.47861517e-01 -2.85720618e-02]
 [ 1.40352685e-01  4.74877337e-01]
 [-4.86584492e-01  1.59895837e-01]
 [ 1.48586208e-01  1.19683135e-01]
 [ 9.28024766e-01 -4.40174682e-01]
 [-6.61110528e-01  6.60689069e-01]
 [ 3.04040213e-01 -2.72250481e-01]
 [ 2.69763486e-01  2.61018997e-01]
 [-8.01060806e-01 -2.74168288e-01]
 [ 7.52825226e-01  3.02338392e-01]
 [-4.71971464e-01 -8.07527418e-01]
 [-2.37148150e-01 -9.72222073e-01]
 [ 7.45519316e-01  3.96063309e-01]
 [-3.67954370e-01  6.61049299e-01]
 [ 7.79733182e-02 -8.07271813e-01]
 [ 3.81434421e-01 -7.75281089e-01]
 [-2.29806765e-01  2.03549763e-01]
 [-4.23956433e-01  1.62401860e-01]
 [ 4.06358572e-01 -8.32174330e-01]
 [ 5.15099435e-01  5.82535631e-01]
 [-7.61629715e-01 -5.66477145e-01]
 [ 4.53726448e-01  8.75948359e-01]
 [-9.04918600e-01  1.76552027e-01]
 [ 6.47446003e-01  8.14925226e-01]
 [ 9.40199156e-01 -2.79810650e-01]
 [-8.96030406e-01  3.46599511e-01]
 [-1.77776751e-01  2.33719565e-01]
 [-8.28470388e-01  4.64076684e-01]
 [ 6.62889268e-01 -3.19515670e-02]
 [ 3.20249549e-01  4.13317482e-01]
 [ 6.90245744e-01  9.80739348e-02]
 [ 1.95134780e-01 -3.08439653e-01]
 [ 2.47873168e-01 -2.60644756e-01]
 [ 1.67104924e-01  3.61103155e-01]
 [ 5.60446099e-01 -5.26471787e-01]
 [-3.87056523e-01  2.58788155e-01]
 [-5.99880178e-01  5.55980000e-01]
 [ 7.26783096e-01  4.92441160e-01]
 [ 1.06644858e-01 -5.16297994e-01]
 [ 1.87917239e-01  4.24276777e-01]
 [ 9.93262192e-01 -1.55612109e-01]
 [ 2.82367603e-01 -1.57697365e-04]
 [-4.26302325e-01  6.85094976e-01]
 [ 6.88467209e-01  1.94814588e-01]
 [-5.60385365e-01  7.22914521e-01]
 [ 5.11477738e-01  9.65526304e-01]
 [ 9.09616892e-01 -4.01446763e-01]
 [ 7.53252917e-01  5.12162380e-01]
 [-4.81706604e-01  5.15554113e-01]
 [-9.87177009e-01 -9.39017963e-01]
 [-9.41830035e-01  5.05009358e-01]
 [-3.93073162e-01  6.37161207e-01]
 [-6.88623121e-01 -4.34724820e-02]
 [ 3.45131666e-01  8.38211101e-01]
 [ 4.62214724e-01 -8.46530351e-01]
 [-1.33593329e-02  5.88251116e-01]
 [-6.63885298e-01 -6.35416354e-01]
 [ 7.02842679e-01  2.28328363e-01]
 [ 5.37543662e-01  9.48967773e-02]
 [-5.35031652e-01 -8.36400758e-01]
 [ 5.45832822e-01  6.94165084e-01]
 [-9.00712978e-01  6.04430714e-01]
 [-1.83771714e-01  5.92417196e-01]
 [-5.65439374e-01 -8.86310232e-01]
 [ 5.96725314e-01  6.09636100e-01]
 [ 7.03369447e-01 -6.23737344e-01]
 [ 1.92599063e-01  3.41626020e-01]
 [ 5.86360587e-01  6.13922383e-01]
 [-3.33204473e-01  2.06585653e-01]
 [-9.72931982e-02 -5.08417022e-01]
 [-4.37524614e-01  1.67514616e-01]
 [-7.30864892e-01 -3.79201364e-01]
 [ 7.66301732e-01 -1.45169194e-01]
 [-9.27201646e-01  5.53356159e-01]
 [-2.35450195e-01  7.72960635e-01]
 [-6.95155838e-01 -7.30143370e-02]
 [ 4.94467264e-01  7.61840151e-01]
 [ 6.04069185e-01  6.30073040e-01]
 [-2.85567504e-01  8.26877690e-01]
 [ 9.80293436e-02 -4.28921308e-01]
 [-8.80790150e-01  4.37283181e-01]
 [-6.10686320e-01  1.17805285e-01]
 [-4.88840977e-01  6.47488050e-02]
 [ 4.64477174e-01 -1.15803753e-01]
 [ 1.65450260e-01 -1.32926715e-01]
 [ 8.82782707e-02  8.92235724e-02]
 [-7.62592803e-01 -1.27691379e-01]
 [-3.23783045e-01 -1.58326134e-02]
 [ 7.82643362e-01  7.18397769e-01]
 [ 8.34519826e-01  9.83698486e-02]
 [-8.96823467e-01  6.94590879e-02]
 [ 7.61559627e-01  3.07819301e-01]
 [-4.23746013e-01  6.46595801e-01]
 [ 3.59130960e-02 -1.19234735e-01]
 [ 3.77626934e-01  6.46205298e-01]
 [-5.76667434e-01 -7.80188952e-01]
 [ 1.10883827e-01  3.00389930e-01]
 [-1.06516566e-01 -7.13198505e-03]
 [ 5.16420660e-02  5.73115301e-01]
 [-7.16718542e-01 -5.01746221e-01]
 [ 4.42397362e-01 -6.93533441e-01]
 [ 6.78878927e-01 -6.33899708e-01]
 [-5.75219528e-01  6.68214581e-02]
 [ 4.05132176e-01 -6.91146137e-02]
 [ 3.22518214e-01 -6.57201560e-01]
 [ 6.59530263e-01  8.61129963e-01]
 [ 7.95395907e-01  6.10854641e-01]
 [-5.17072240e-01 -1.24047127e-01]
 [-7.82904328e-01  1.91906578e-01]
 [-5.26769757e-01 -8.67560061e-02]
 [ 3.24906399e-01 -2.22566688e-01]
 [ 6.42080313e-03  6.87083456e-01]
 [ 8.30107916e-01 -4.08894831e-02]
 [ 6.18819397e-01  6.36288740e-01]
 [ 9.04772372e-01 -6.39211075e-01]
 [ 9.13474379e-01 -6.34928159e-01]
 [-1.35215138e-01 -5.52448689e-01]
 [ 3.92119847e-01  7.28021072e-03]
 [ 2.03410777e-01  3.41414284e-01]
 [-3.65184969e-01 -9.54090099e-01]
 [ 6.13179198e-01  4.29817980e-01]
 [-3.96943669e-01  6.86877100e-01]
 [ 8.23940603e-01  4.80835916e-01]
 [-5.65692332e-01 -6.82470535e-01]
 [-1.95668102e-01  7.45411762e-01]
 [-2.18266573e-01 -7.81667886e-02]
 [-2.42945080e-01 -1.50995488e-01]
 [-6.63862375e-01  5.89537759e-01]
 [-4.78486603e-01  7.49956042e-01]
 [-9.86893335e-01  2.18341354e-01]
 [-8.88141845e-01  5.44488653e-01]
 [ 1.01537248e-01  7.50169064e-01]
 [-4.79388823e-01 -7.58586437e-01]
 [ 2.14218323e-01 -2.67316946e-01]
 [ 7.79879474e-01 -2.82287324e-01]
 [-8.55123653e-01  3.48134174e-01]
 [ 4.24518914e-01  8.79398992e-01]
 [ 3.94858789e-01  4.05160438e-01]
 [-3.28116349e-01  7.53387632e-01]
 [-2.14778392e-01  1.92229461e-02]
 [-1.55679342e-01 -4.95487567e-01]
 [-1.31270831e-01  6.70999901e-01]
 [ 4.79389320e-01 -2.21544284e-01]
 [-3.68306601e-01  4.45922421e-01]
 [-8.56200588e-01  3.03639227e-01]
 [-8.05676318e-01  4.27221204e-01]
 [ 3.84980798e-01  2.11073376e-01]
 [ 6.84323787e-01 -4.26568220e-01]
 [-9.18011351e-01  3.09915693e-01]
 [-9.58878056e-01  2.67804028e-01]
 [ 5.42701486e-01 -7.85160381e-01]
 [ 4.06128271e-01 -2.82119919e-01]
 [ 7.88178548e-01 -6.48769136e-01]
 [-5.81142215e-01  2.74162684e-02]
 [-2.05318520e-01 -1.70496745e-01]
 [ 9.70964427e-01  8.70342776e-01]
 [-4.02903677e-01  2.34679236e-01]
 [ 1.81754480e-01  1.79095645e-01]
 [ 5.21533005e-01  9.07778755e-01]
 [-4.68658954e-01 -9.09446319e-01]
 [-6.83882684e-01 -1.55928722e-01]
 [-6.32617386e-01 -7.49498806e-01]
 [-5.64969911e-01  7.68633034e-01]
 [ 6.77473045e-01  3.07931640e-01]
 [-6.49854909e-01  5.72456723e-01]
 [ 3.24383517e-01 -2.61545882e-01]
 [-1.85118207e-01 -1.00631473e+00]]","[[[-0.01        0.41      ]
  [-0.28999999 -0.02      ]
  [ 0.62        0.41999999]
  ...
  [-0.41999999  0.40000001]
  [ 0.1        -0.16      ]
  [ 0.         -0.70999998]]

 [[ 0.00971079  0.43074559]
  [-0.29023657 -0.01892308]
  [ 0.65951254  0.44330302]
  ...
  [-0.43117996  0.41444048]
  [ 0.11378222 -0.15925844]
  [ 0.00801193 -0.76620151]]

 [[ 0.02504449  0.4498418 ]
  [-0.29129101 -0.01832955]
  [ 0.68403229  0.46267918]
  ...
  [-0.44458295  0.43281242]
  [ 0.12818375 -0.16112531]
  [ 0.01805719 -0.80660852]]

 ...

 [[ 0.01640432  0.57995138]
  [-0.40031619 -0.04295044]
  [ 0.68833073  0.58302448]
  ...
  [-0.6499293   0.57255142]
  [ 0.32398887 -0.26165957]
  [-0.1854824  -1.00617454]]

 [[ 0.01662773  0.57978364]
  [-0.40043742 -0.04336567]
  [ 0.6883796   0.58292122]
  ...
  [-0.64989175  0.57250319]
  [ 0.3241888  -0.26160326]
  [-0.18529623 -1.00625018]]

 [[ 0.01684782  0.57961815]
  [-0.40055419 -0.04377391]
  [ 0.68843196  0.58281726]
  ...
  [-0.64985491  0.57245672]
  [ 0.32438352 -0.26154588]
  [-0.18511821 -1.00631473]]]","[0.5951944339158484, (0.46940034199655223+1.299510768075565e-32j), (0.38146307333574203-6.319297246136996e-33j), (0.3152288156501797-1.562526742859514e-32j), (0.25908624752796117+1.7786782247039127e-32j), (0.21215082811705566+1.1600746487590282e-32j), (0.17704540040643124+8.434889793410962e-33j), (0.15105676246386546+3.872159623544986e-34j), (0.1305569999004299+1.7306594698127245e-32j), (0.1135186228350058+6.04719903254501e-33j), (0.09911956214599327+9.555146827236892e-35j), (0.08703386962277726+1.3362603643033426e-32j), (0.0769576808226482-2.0327118971751796e-33j), (0.06855305103038178-9.172621984084258e-33j), (0.06145992575574999+9.832742728254677e-34j), (0.05536054220496789-3.708835319426823e-33j), (0.049989012141535394-1.9753441619947634e-33j), (0.0451920801743646-2.6748381794337914e-32j), (0.04088116729208391+1.0348995788736577e-32j), (0.03700543773666398-4.150616348846153e-33j), (0.033531530394859566+8.546609670452212e-33j), (0.030435335844599898-1.2781391856540562e-32j), (0.02769099933814312+1.9573629859975524e-33j), (0.025268796398634663+8.695979646378622e-33j), (0.02313594458349444+4.167801791907964e-34j), (0.021257171660448382+2.8767248380093237e-33j), (0.019592619737148098+5.526022694126655e-33j), (0.018106875544182-4.785717874537762e-33j), (0.016772787900737107-7.479620002821989e-33j), (0.01557020810817944-4.441815677404671e-33j), (0.0144839168592088+9.347201472040713e-33j), (0.013500645735723626+4.142153107216314e-33j), (0.012608820428805956+8.532422070249159e-33j), (0.01179742343831025-2.5956966654717318e-33j), (0.01105695418532715+6.538252176128436e-33j), (0.010379031313168419+4.191151512954093e-33j), (0.009757021558657542+4.321663593558558e-33j), (0.009185239466879658+8.474968514485377e-33j), (0.008659064335881261-6.650411201050513e-33j), (0.008174279129117057-2.5844073209129947e-33j), (0.007729414831932679+1.0274069465245074e-32j), (0.007316317971059139+2.0328619677317084e-33j), (0.006936146519115116-1.3719675325661673e-32j), (0.006585232300713617+8.166834433633039e-33j), (0.0062609941090374654+5.810027889770509e-33j), (0.005960980024992679+2.3644698725928632e-33j), (0.005682849177130134-7.113450737523297e-33j), (0.005424141040586861+7.279578009513295e-33j), (0.00518261367250572+1.1446887783978338e-32j), (0.004955869354903442-1.2721260594716212e-33j), (0.004741368242257682-5.537569408031489e-34j), (0.004536186585465618-7.527192987421995e-33j), (0.004336526182656453-5.789569696078692e-33j), (0.004138552247844096+5.001978919357145e-33j), (0.0039383232061531714+1.0261784592567292e-32j), (0.0037339250735182183+1.1712070679559375e-32j), (0.003527250930499104+1.1981136176937999e-33j), (0.0033266833748455404+5.840524837257685e-33j), (0.003142419574835298-1.4448815353470357e-32j), (0.0029887187160015927+4.654059993995792e-33j), (0.00284843116412814+3.2228335704618106e-33j), (0.0027269527649251835+7.64617074010773e-33j), (0.0026193043976632246-1.1260455691023856e-34j), (0.002513709056766178-1.8482732643358486e-33j), (0.002417712738560507+2.9293459317624527e-33j), (0.0023267911428841437-7.80968896136104e-34j), (0.002240202000449276-4.6984014517826594e-33j), (0.0021575060571574767-8.090202964668612e-33j), (0.002079911810530799-3.335615528983986e-33j), (0.002003238147229691+8.478956759028368e-33j), (0.0019307204318184112-3.525065297664143e-33j), (0.0018615065715992252+7.818784276011606e-34j), (0.0017948881168381448-4.415788348458088e-33j), (0.0017310906292449246-1.3342385399566715e-32j), (0.001669964001472568-6.92923149024788e-33j), (0.0016115775532337118-5.86553376191297e-33j), (0.0015554975395590809+5.150203682355147e-34j), (0.0015020145691599929+9.507638536569641e-34j), (0.0014509812855343363-3.7780086961613194e-33j), (0.0014023057036798292+6.886218091010188e-33j), (0.001355481420462823-5.602076909780263e-35j), (0.001311099434179841+3.845993948715125e-34j), (0.001268826033842263-4.2169002699478306e-33j), (0.001228367648809403+2.3227829177366918e-33j), (0.0011920188654466202+1.151926183631003e-32j), (0.001224447064453127-2.086340493686745e-33j), (0.001119733072711071+4.627619034204843e-33j), (0.0010845725291090957+6.397954261818952e-33j), (0.0010515886608577496+1.0713138144120028e-32j), (0.001020481280760599+6.932646606731896e-33j), (0.0009905526555238353-4.763229657318377e-33j), (0.0009617457384010208+6.142902189611693e-33j), (0.000934136678142572-9.111274333880846e-33j), (0.0009074395075399089-7.81137840866687e-33j), (0.0008824151554289728+6.070397432404142e-33j), (0.0008572415098235808-9.433604101005105e-33j), (0.0008333483344027393+1.5432123426411917e-32j), (0.0008105501671922255-8.075884251304267e-33j), (0.0007883519456033383+7.782614810013463e-33j), (0.0007669584744145475+5.674755997968745e-33j)]"
